273402 100 292
273403 1 68
273523 1 228
273522 79 121
273406 1 125
273407 1 9
273404 1 22
273405 1 34
273503 1 598
273425 62 352
273425 353 353
273425 354 742
273408 1 9
273409 1 317
273448 1 396
273449 1 216
273446 1 48
273447 1 113
273447 114 114
273447 115 420
273589 1 137
273445 7 9
273301 1 614
273302 1 459
273588 46 73
273554 77 444
273554 445 446
273526 1 34
273555 1 173
273502 73 256
273502 257 257
273502 258 318
273502 319 319
273502 320 813
273502 814 814
273502 815 1077
273426 1 65
273411 1 29
273410 1 99
273299 1 47
273531 1 280
273537 1 779
273725 83 252
273725 253 253
273725 254 942
273725 943 945
273292 1 21
273291 1 83
273290 10 22
273295 1 11
273294 1 8
273150 64 75
273591 1 409
273592 1 176
273593 1 175
273158 1 1283
273450 1 214
273450 215 218
273450 219 647
273017 1 928
273493 1 241
273492 71 282
273492 283 283
273492 284 325
273492 326 326
273492 327 343
273494 1 192
273590 1 176
