273402 100 292
273403 1 53
273406 1 112
275001 1 1781
275001 1786 2061
273404 1 18
273405 2 25
273408 1 6
273409 1 309
275000 1 136
275931 1 14
275931 19 89
273158 1 1279
275886 73 109
275767 1 4
273411 1 29
273410 1 90
275659 1 17
275658 1 337
274319 1 225
274251 1 546
274317 1 3
274316 1 959
274315 1 424
274314 97 97
274314 99 158
276097 1 507
275310 1 1929
275311 1 1253
274421 1 342
274420 94 268
274422 1 2207
275319 141 282
273554 77 437
273555 1 173
273493 1 233
273492 71 71
273492 73 282
273492 284 325
273492 327 338
273494 1 192
274388 1 1820
274954 37 37
274954 39 57
275125 1 989
275124 106 106
275124 108 431
274382 94 144
274387 88 439
274094 108 332
274244 1 607
273730 1 1814
273730 1820 2126
274240 1 40
274240 42 82
273425 62 352
273425 354 733
274337 3 17
275066 1 96
275067 1 392
274159 1 43
274336 1 14
275309 55 617
275068 1 915
273302 1 459
274955 1 91
275778 1 305
275776 1 140
275890 1 1393
275777 1 300
274968 1 1192
274969 1 1003
273725 83 252
273725 254 2545
274160 1 207
274161 1 516
275774 1 311
275774 315 315
273728 1 100
275772 1 56
275773 1 7
275074 1 442
275074 444 647
275073 1 517
275370 81 365
275371 1 22
275371 28 569
275376 1 2667
275376 2669 3096
275375 127 421
275375 424 1449
275963 82 139
275963 141 172
274241 1 1152
274241 1161 1176
274971 1 905
274970 1 47
275782 1 131
275782 133 762
276092 74 149
275284 1 74
275282 91 180
275283 1 132
273448 1 391
273449 1 214
273446 1 33
273447 1 113
273447 115 412
275912 1 289
275913 1 475
274200 1 678
275918 1 318
275918 348 361
275847 1 2263
275833 1 53
275833 56 115
275833 117 251
275911 62 298
275911 300 354
275911 356 440
275291 1 347
275290 96 143
275293 1 142
275293 144 201
275292 1 121
275059 78 81
275059 105 137
274999 1 1241
274998 64 782
273450 1 214
273450 219 647
275834 1 297
275836 1 1163
275836 1166 1170
275836 1184 1293
274344 1 632
274345 1 170
274172 31 95
275761 1 9
275345 1 353
275344 76 356
273503 1 598
273502 73 256
273502 258 318
273502 320 813
273502 815 1064
274199 1 623
274198 81 191
274250 1 701
274146 1 67
275657 1 105
274335 60 1003
274442 1 752
274441 1 431
274440 92 493
274339 1 29
274339 31 31
274339 33 33
274339 35 93
274338 1 698
275337 1 427
275338 1 520
274283 2 19
275832 1 367
275835 1 13
274284 1 210
275837 1 186
275837 198 726
274286 1 154
275923 3 53
275923 63 64
275923 66 126
275921 1 2
275921 4 5
275921 17 20
275920 7 15
275920 17 18
275920 21 186
275920 191 192
275920 195 196
275920 205 210
275920 213 216
275920 219 224
275920 227 234
275920 237 240
275920 247 248
275920 251 252
275920 255 264
275920 267 270
275920 275 298
275920 301 460
