273402 100 292
273403 1 53
273406 1 112
274240 1 40
274240 42 82
273404 1 18
273405 2 25
273503 1 598
273425 62 352
273425 354 733
273408 1 6
273409 1 309
274319 1 225
274441 1 431
274440 92 493
274199 1 623
274198 81 191
274336 1 14
274244 1 607
273448 1 391
273449 1 214
273446 1 33
273447 1 113
273447 115 412
273302 1 459
274388 1 1730
274388 1732 1820
274250 1 701
273554 77 437
273555 1 173
274160 1 207
273730 1 1814
273730 1820 2126
274335 60 1003
273502 73 256
273502 258 318
273502 320 813
273502 815 1064
274317 1 3
273411 1 29
273410 1 90
274337 3 17
274314 97 97
274314 99 158
274382 94 144
273725 83 252
273725 254 2545
274251 1 546
274146 1 67
274161 1 516
274315 1 375
274315 377 424
273728 1 100
274339 1 29
274339 31 31
274339 33 33
274339 35 93
274283 2 19
274338 1 698
274442 1 256
274442 258 752
274421 1 342
274420 94 268
274422 1 2207
273158 1 1279
273450 1 214
273450 219 647
274241 1 296
274241 298 1152
274241 1161 1176
274284 1 210
274316 1 959
274286 1 154
273493 1 233
273492 71 71
273492 73 282
273492 284 325
273492 327 338
273494 1 192
274200 1 678
274344 1 632
274345 1 170
274159 1 43
274172 31 95
274094 105 332
274387 88 439
