273402 100 292
273403 1 53
276458 1 341
276587 1 1006
273406 1 112
275001 1 1781
275001 1786 2061
273404 1 18
273405 2 25
279794 77 1100
277069 81 265
277069 267 390
273408 1 6
273409 1 309
276586 2 658
276586 680 773
276454 1 527
280187 4 60
280364 1 370
280364 372 617
280364 619 619
280364 621 1090
280364 1102 1363
277180 88 228
279116 38 485
276775 96 1260
276948 1 474
279115 118 524
275000 1 136
276581 79 444
279760 68 578
279760 585 728
276582 1 871
279767 1 776
275931 1 14
275931 19 89
277194 113 139
277194 144 497
277194 500 1115
277194 1117 1312
277194 1320 1749
277194 1754 2067
277194 2070 2070
273158 1 1279
276583 1 52
279844 72 295
275886 73 109
279841 75 398
279841 407 2122
277112 1 155
280363 1 359
275767 1 4
273411 1 29
273410 1 90
276363 1 140
276363 142 238
276363 242 1482
275659 1 17
275658 1 337
274319 1 225
274251 1 546
274317 1 3
274316 1 959
274315 1 424
274314 97 97
274314 99 158
277073 1 90
277072 1 253
277072 256 466
277071 1 82
277071 90 178
276097 1 507
275310 1 1929
275311 1 1253
274421 1 342
274420 94 268
274422 1 2207
280188 1 245
275319 141 282
280191 1 781
280191 783 866
280191 869 900
273554 77 437
273555 1 173
280194 1 238
279993 85 156
279588 100 1259
279994 1 47
279029 1 260
280385 1 519
280385 523 569
280385 574 1187
280385 1189 1533
280385 1536 2022
273493 1 233
273492 71 71
273492 73 282
273492 284 325
273492 327 338
273494 1 192
276834 1 720
274388 1 1820
274954 37 37
274954 39 57
275125 1 989
275124 106 106
275124 108 431
274382 94 144
276501 4 221
276501 223 2547
276502 2 741
274387 88 439
274094 108 332
274244 1 607
277166 77 186
277166 188 431
273730 1 1814
273730 1820 2126
274240 1 40
274240 42 82
278017 77 97
278017 99 213
278017 215 512
278017 514 589
278018 1 263
278018 265 422
278018 424 615
278018 617 627
278018 642 1011
278018 1020 1181
273425 62 352
273425 354 733
278875 1 210
278875 212 834
274337 3 17
278820 17 1533
275066 1 96
275067 1 392
274159 1 43
274336 1 14
275309 55 617
280249 1 486
280249 488 1433
278822 1 1627
275068 1 915
273302 1 459
274955 1 91
280384 2 34
275778 1 305
278239 76 339
278239 341 558
278239 560 740
276283 3 1087
276282 75 534
276282 537 1142
278963 1 23
278963 25 175
275776 1 140
275890 1 1393
280327 49 85
275777 1 300
274968 1 1192
274969 1 1003
276584 1 2
278308 87 216
278308 219 587
278308 589 680
278308 683 1200
278308 1217 1410
278308 1413 1848
278308 1880 1880
278366 1 453
278175 1 88
273725 83 252
273725 254 2545
274160 1 207
274161 1 516
275774 1 311
275774 315 315
273728 1 100
275772 1 56
275773 1 7
278288 67 81
276870 78 1354
276870 1356 3108
276870 3111 3258
276870 3260 3484
275074 1 442
275074 444 647
278805 3 26
278805 30 167
278805 170 193
278805 196 280
278805 283 284
278805 288 288
278804 1 4
278803 1 87
278803 91 133
278803 135 297
278803 299 323
278802 1 17
275073 1 517
275370 81 365
275371 1 22
275371 28 569
275376 1 2667
275376 2669 3096
278962 68 408
275375 127 1449
275963 82 139
275963 141 172
274241 1 1152
274241 1161 1176
276384 2 1117
279766 1 1689
279080 68 224
278310 1 32
278310 34 709
280330 1 857
279931 84 628
279931 630 743
279931 746 801
279931 803 1043
279931 1045 3022
278315 73 254
278315 256 661
278315 663 767
276542 74 857
274971 1 905
274970 1 47
276318 3 103
276318 106 570
276946 1 27
276947 1 89
276947 91 126
276947 135 141
276940 70 213
278801 48 85
275782 1 131
275782 133 762
276092 74 149
275284 1 74
276543 1 638
276543 643 952
275282 91 180
275283 1 132
276317 3 138
277168 1 1708
277168 1711 1822
277168 1824 2223
278873 70 129
280242 1 411
280242 414 627
279024 82 382
273448 1 391
273449 1 214
273446 1 33
273447 1 113
273447 115 412
276244 3 1202
278289 1 42
278289 44 52
278976 1 20
278975 1 475
278975 477 745
278975 747 850
279975 70 190
279975 192 253
279975 256 281
279975 283 709
279975 734 1121
278240 1 64
278240 70 113
278240 115 1121
278240 1123 1296
278240 1299 1309
277094 1 161
277094 164 584
276315 40 175
276315 178 217
277096 1 1309
277096 1311 2086
276437 63 224
276437 227 1074
276437 1076 2190
278406 85 360
278406 362 1682
278167 87 394
278167 397 1153
278167 1155 1660
278167 1662 1707
278167 1709 2258
275912 1 289
275913 1 475
276544 2 161
274200 1 678
278770 1 767
278808 1 445
278808 447 462
278808 464 1793
276776 1 1823
275918 1 318
275918 348 361
275847 1 2263
275833 1 53
275833 56 115
275833 117 251
278986 71 199
276950 1 2353
278345 84 500
278345 503 831
278346 1 117
277420 84 84
277420 86 291
277420 293 346
278349 1 401
278349 403 612
278349 632 633
275911 62 298
275911 300 354
275911 356 440
275291 1 347
275290 96 143
275293 1 142
275293 144 201
275292 1 121
276794 1 885
276545 2 110
276545 117 213
275059 78 81
275059 105 137
274999 1 1241
274998 64 782
276810 1 287
276811 1 1270
276811 1272 2563
273450 1 214
273450 219 647
279966 79 441
275834 1 297
279071 71 244
279653 77 77
279653 82 261
277305 62 744
279654 1 108
279654 110 1231
279654 1285 1299
276808 1 875
278274 1 18
278274 20 85
278193 77 231
275836 1 429
275836 431 1163
275836 1166 1170
275836 1184 1293
278273 75 110
274344 1 632
274345 1 170
277087 204 1191
274172 31 95
275761 1 9
276495 87 268
279715 71 474
279715 476 477
279715 480 480
279715 511 511
279715 523 691
279716 1 860
279716 875 1528
279716 1530 1653
277148 83 190
277148 193 700
278969 70 511
278969 514 1051
278969 1053 1291
278969 1293 1397
278969 1399 1460
278923 55 467
278957 79 227
275345 1 353
275344 76 356
273503 1 598
273502 73 256
273502 258 318
273502 320 813
273502 815 1064
277127 1 438
277127 440 902
277126 42 59
274199 1 623
274198 81 191
276807 66 220
279823 61 395
279887 79 221
279887 225 397
276585 1 238
276585 241 242
276585 245 246
274250 1 701
278509 91 1557
274146 1 67
278874 1 273
278874 275 478
278769 75 104
276659 1 127
276659 129 252
277076 1 3
277076 5 7
277076 9 35
277076 38 1037
276655 1 593
276655 595 1106
276355 1 33
275657 1 105
276653 72 550
274335 60 1003
274442 1 752
274441 1 431
274440 92 493
276831 64 755
276831 761 2702
276243 1 15
276243 18 480
276243 482 611
274339 1 29
274339 31 31
274339 33 33
274339 35 93
274338 1 698
280349 1 247
280349 252 623
280349 626 626
276242 1 7
276242 18 61
276242 72 1664
276935 79 184
276935 186 838
276935 842 906
275337 1 427
277070 1 309
277070 311 1059
275338 1 520
274283 2 19
275832 1 367
275835 1 13
274284 1 210
275837 1 186
275837 198 726
274286 1 154
278290 1 11
279656 1 43
279479 86 190
276527 1 214
276525 88 469
276525 471 1606
276525 1626 2893
280383 64 65
280251 1 165
280251 167 372
276528 4 394
276361 1 161
276361 169 208
276361 210 800
276361 802 833
275923 3 53
275923 63 64
275923 66 126
275921 1 2
275921 4 5
275921 17 20
275920 5 463
